[
    2,
    41,
    14,
    42,
    4,
    38,
    14,
    111,
    4,
    100,
    22,
    225,
    87,
    148,
    186,
    4,
    107,
    23,
    42,
    4,
    40,
    23,
    32,
    4,
    47,
    6,
    19,
    32,
    15,
    244,
    48,
    48,
    53,
    6,
    18,
    43,
    22,
    115,
    23,
    32,
    7,
    18,
    48,
    30,
    22,
    35,
    7,
    18,
    40,
    30,
    22,
    35,
    7,
    18,
    34,
    22,
    250,
    37,
    186,
    72,
    7,
    18,
    38,
    30,
    22,
    35,
    7,
    18,
    195,
    22,
    251,
    55,
    133,
    127,
    23,
    32,
    7,
    18,
    194,
    22,
    173,
    85,
    121,
    127,
    23,
    32,
    7,
    18,
    175,
    24,
    89,
    34,
    23,
    32,
    7,
    18,
    173,
    22,
    105,
    23,
    32,
    7,
    18,
    39,
    30,
    22,
    35,
    7,
    18,
    176,
    23,
    32,
    23,
    32,
    7,
    18,
    36,
    6,
    19,
    60,
    158,
    153,
    33,
    23,
    104,
    7,
    19,
    86,
    23,
    104,
    7,
    7,
    7,
    7,
    7,
    7,
    5
]